525.0
0.0
650.0
224.0
792.0
27.0
558.0
60.0
0.0
360.002734715
736.0
558.0
1056.0
625.0
682.0
0.0
756.0
477.828142792
372.0
899.0
31.0
0.0
672.0
729.0
215.999965668
--------------------------------------------
0.0
86.3134997115
0.0
83.999974966
120.0
0.0
342.0
299.999992847
483.0
0.0
0.0
0.0
143.999522209
0.0
250.0
0.0
120.0
840.0
513.0
432.0
57.0
704.0
0.0
125.0
0.0
+++++++++++++++++++++++++++++++++++++++++++++++++++++++++++++
757.622166343
546.44890839
725.090544929
788.126627981
859.880892148
863.999835849
589.449862132
204.11510334
9.94413953932e-06
767.397439957
485.036084209
575.374303937
885.282458206
725.000328479
703.974398136
604.562800247
654.28683425
394.255437888
955.115984455
0.815864000728
251.093465591
619.878278649
651.009948317
730.365770242
621.867737783
--------------------------------------------
230.37921223
355.825005741
23.9845130172
453.041494495
651.079447747
863.999954939
475.490021175
469.949709938
567.022248157
669.307456124
0.0289773042044
109.123564038
576.637905851
0.281283136118
799.999406934
397.161101798
900.700406103
88.1817390636
352.376232243
822.694997979
608.0
105.609095563
800.0
4.43922931247e-07
257.958027635

